2.768
2.74629
2.58099
2.3996
2.59544
2.78011
2.55116
2.56014
3.07391
2.70087
2.7883
2.76856
3.15883
2.87737
2.71109
2.86802
3.10597
2.96936
2.77868
2.7714
3.23865
3.08245
2.82472
2.95135
3.30404
3.27639
2.86998
2.97109
3.15365
3.00149
2.9674
3.04267
3.52493
2.93402
2.79735
3.07442
3.30304
3.10756
2.87089
2.97609
3.63816
3.20994
2.94531
3.15562
3.58566
3.47867
3.11782
3.28701
3.55353
3.36865
3.29027
3.50669
3.76447
3.44847
3.36344
3.70979
3.9623
3.66336
3.56214
3.66475
4.10223
3.92724
3.54785
4.01931
4.741
4.20902
3.89827
4.14664
4.60984
4.19636
4.07733
4.2414
4.63065
4.14506
3.91423
3.99545
4.18026
3.73241
3.34065
2.97453
3.69639
3.06731
2.59476
3.47195
4.95165
18.9245
31.1365
24.287
4.29777
5.12477
11.3105
9.28022
12.7162
8.74936
11.3742
9.82065
11.8236
9.01546
9.74088
8.962
11.9765
8.27673
9.46132
7.79273
11.0474
6.99929
7.85934
6.44222
11.2084
6.41204
7.39687
7.12239
10.0034
4.89003
5.2015
4.88837
7.11092
3.20416
2.69667
2.15293
2.52345
1.29426
1.07451
0.866623
1.53359
0.584547
0.653599
0.227962
0.816015
0.266368
0.312895
0.264082
0.299263
0.0948698
0.133995
0.144738
0.311466
0.101947
0.143935
0.133476
0.388522
0.174533
0.0163894
0.0482412
